00101110001011100001011001011110
11110100010111001100111000001110
10010110001101101001011011110100
00101110011101001100111010000110
11110110110101101011010000010110
01110100011101100011011010100110
10010110111101001010011000100110
11001110100001101001011000110110
00001110000101100000111001110100
01100110101001100100111011111100
10111100001001101001011011111010
10001100100011001000110010011100
11000110011001000000110010001100
01001110101111000010011010110110
10100110001001100111011010100110
10110110110001100110010001001110
10000110001101101100001000100110
10010110101111001100111011001110
00001110101001100100111000110110
00101110100101101100111011110110
11100110100111100100111011110110
11000110011001001001011010101110
11110110011100100010011010110110
10101110101111001010011000100110
10000110010001100110010011101100
00110110110000101010011011001110
10111100110011101100111010000110
10100110010011100011011010010110
10010110110011101111011000001110
10011110010011101111011000101110
00000000100101101010111011100110
00110111010000000110000000000000
