010100110111010100100010000111110
101010011011001110000001000100111
010000001001010011001110110100101
011010101110000101101100011011001
001000100111010100110001101101010
000100110011101000011000100110000
000010011000010010000101000001000
101001100011011010100110111001100
000110100001011100100111000010110
000010111010000110000101100000010
110011101101001011010100110000001
011001001110111001100000010010100
001101100111011001110101001101111
101010000001001010011001001110101
110111000000100001011101000011000
010001100011011000110110111101100
000010110110001101000011001001110
100011011010000110000001000010111
110101001100010011000000100110011
011010100110011000100000010001001
011101010011000010110001001100011
100110000001000011010001001110010
010011000000100010011101010011000
000001001010011001110110100101101
000110110000101101100011011001010
000010111000010110110001101000011
110110011101010011011100110000001
011010000110001101100001011011000
101100000010001110110101001101110
000100011101000010111010000110000
010000000000000000000000000010001
001101111000100000110111100111110
000110111100010000011011110001000
